#include <iostream>
using namespace std;
int main()
{
    int cactus_5[24][11] = {
        {0, 0, 0, 0, 0, 0, 0, 0, 0, 0, 0},
        {0, 0, 0, 0, 0, 0, 0, 0, 0, 0, 0},
        {0, 0, 0, 0, 0, 0, 0, 0, 0, 0, 0},
        {0, 0, 0, 0, 0, 0, 0, 0, 0, 0, 0},
        {0, 0, 0, 0, 0, 0, 0, 0, 0, 0, 0},
        {0, 0, 0, 0, 0, 0, 0, 0, 0, 0, 0},
        {0, 0, 0, 0, 1, 1, 0, 0, 0, 0, 0},
        {0, 0, 0, 1, 1, 1, 1, 0, 0, 0, 0},
        {0, 0, 0, 1, 1, 1, 1, 0, 0, 1, 0},
        {0, 0, 0, 1, 1, 1, 1, 0, 1, 1, 1},
        {0, 0, 0, 1, 1, 1, 1, 0, 1, 1, 1},
        {1, 1, 0, 1, 1, 1, 1, 0, 1, 1, 1},
        {1, 1, 0, 1, 1, 1, 1, 0, 1, 1, 1},
        {1, 1, 0, 1, 1, 1, 1, 0, 1, 1, 1},
        {1, 1, 0, 1, 1, 1, 1, 1, 1, 1, 1},
        {1, 1, 0, 1, 1, 1, 1, 1, 1, 1, 0},
        {1, 1, 1, 1, 1, 1, 1, 1, 0, 0, 0},
        {0, 1, 1, 1, 1, 1, 1, 0, 0, 0, 0},
        {0, 0, 0, 1, 1, 1, 1, 0, 0, 0, 0},
        {0, 0, 0, 1, 1, 1, 1, 0, 0, 0, 0},
        {0, 0, 0, 1, 1, 1, 1, 0, 0, 0, 0},
        {0, 0, 0, 1, 1, 1, 1, 0, 0, 0, 0},
        {0, 0, 0, 1, 1, 1, 1, 0, 0, 0, 0},
        {0, 0, 0, 1, 1, 1, 1, 0, 0, 0, 0}};

    // cout<<cactus_5[0][0]<<endl;
    for (int i = 0; i < 24; i++)
    {
        for (int j = 0; j < 11; j++)
        {
            cout << ".byte"
                 << " " << cactus_5[i][j] << endl;
        }
    }
    return 0;
}